required-players: 2
maximum-players: 2
countdown-seconds: 10
lobby-spawn:
  world: 'world'
  x: -56.075000
  y: -60.0000
  z: 24.216617
  yaw: -86.568726
  pitch: 13.334157
arenas:
  0:
    world: 'spleef_arena'
    x: -8.305450
    y: 72.0000
    z: -5.458573
    yaw: 16.461136
    pitch: 8.764987