required-players: 1
countdown-seconds: 10
lobby-spawn:
  world: 'world'
  x: -56.075000
  y: -60.0000
  z: 24.216617
  yaw: -86.568726
  pitch: 13.334157
arenas:
  0:
    world: 'spleef_arena'
    x: 4.772847
    y: 56.0000
    z: 101.281536
    yaw: 16.461136
    pitch: 8.764987